0,535
0,534
0,531
0,530
0,527
0,523
0,319
0,317
0,316
0,314
0,311
0,310
0,308
0,280
0,511
0,509
0,508
0,507
0,503
0,502
0,500
0,499
0,498
0,493
0,492
0,488
0,487
0,485
9061,4
9061,3
9061,2
9061,1
9061,0
0,484
9060,4
9060,3
9060,2
9060,1
9060,0
9059,4
9059,3
9059,2
9059,1
9059,0
9049,4
0,482
9058,4
9058,3
9058,2
9058,1
9058,0
9057,5
9057,4
9057,3
9057,2
9057,1
9057,0
9052,5
9056,5
9056,4
9056,3
9056,2
9056,1
9056,0
9053,5
9055,5
9055,4
9055,3
9055,2
9055,1
9055,0
0,479
9054,4
9054,3
9054,2
9054,1
9054,0
0,477
9053,4
9053,3
9053,2
9053,1
9053,0
0,470
9052,4
9052,3
9052,2
9052,1
9052,0
9051,4
9051,3
9051,2
9051,1
9051,0
0,469
9050,4
9050,3
9050,2
9050,1
9050,0
9049,3
9049,2
9049,1
9049,0
9048,4
9048,3
9048,2
9048,1
9048,0
9047,3
9047,2
9047,1
9047,0
9046,3
9046,2
0,466
0,464
9046,1
9046,0
9045,3
9045,2
9045,1
9045,0
9044,4
9044,3
9044,2
9044,1
9044,0
9043,3
9043,2
9043,1
9043,0
9042,3
9042,2
9042,1
9042,0
9041,3
9041,2
9041,1
9041,0
9040,3
9040,2
9040,1
9040,0
9039,3
9039,2
9039,1
9039,0
9038,3
9038,2
9038,1
9038,0
9037,3
9037,2
9037,1
9037,0
9036,4
9036,3
9036,2
9036,1
9036,0
9035,4
9035,3
9035,2
9035,1
9035,0
0,462
9034,4
9034,3
9034,2
9034,1
9034,0
0,460
9033,5
9033,4
9033,3
9033,2
9033,1
9033,0
9032,4
9032,3
9032,2
9032,1
9032,0
9031,3
9031,2
9031,1
9031,0
0,458
9030,5
9030,4
9030,3
